40
20 + 0 = ? 	   
20,60,40,50,20
90 - 80 = ?
70,60,10,50,10
40 + 0 = ? 	
70,60,40,50,40   
40 - 30 = ?
70,10,40,50,10
50 + 30 = ? 	
20,60,40,80,80  
50 - 20 = ?
70,30,40,50,30
40 + 10 = ? 	
70,60,40,50,50 
100 - 40 = ?
70,60,40,50,60
30 + 10 = ? 	
70,60,40,50,40   
50 - 10 = ?
40,60,70,50,40
__ x 2 = 8	
4,1,2,7,4 
__ x 7 = 14
8,1,2,7,2 
5 x __ = 10
2,1,3,7,2 	
3 x __ = 21
5,1,2,7,7 
__ x 2 = 12
8,1,2,6,6 	
__ x 8 = 8
8,1,2,7,1 
7 x __ = 14
8,1,2,7,2 	
2 x __ = 16
8,1,2,7,8 
__ x 2 = 16
3,1,8,6,8 	
__ x 9 = 9
8,0,2,1,1 
0 x 0 = ?
3,0,2,7,0 
5 x 4 = ?
1,10,20,30,20 	
9 x 0 = ? 
9,1,2,0,0 
6 x 4 = ?
18,10,24,2,24 	
4 x 5 = ?
28,20,1,9,20 
7 x 4 = ?
28,21,22,27,28 	
4 x 7 = ?
11,21,22,28,28
0 x 4 = ?
3,1,2,6,1 	
4 x 6 = ?
24,21,22,27,24 
3 x 2 = ?
4,1,6,7,6 
[  ] + 5 = 19
14,11,12,17,14 
8 + [  ] = 19
16,11,12,10,11 
1 + [  ] = 19
18,11,12,17,18 
[  ] + 9 = 19
18,11,21,10,10 
9 + [  ] = 19
18,19,20,17,10 
7 + [  ] = 19
9,10,12,8,12 
4 + [  ] = 19
12,15,13,17,15 
6 + [  ] = 19
9,13,12,7,13 
10 + [  ] = 19
4,1,0,9,9 
15 + [  ] = 19
7,4,2,1,4 
#