40
10 + 60 = ?
70,60,40,50,70	   
90 - 60 = ?
80,30,40,50,30
20 + 40 = ?
10,60,40,20,60 
70 - 50 = ?
10,60,20,50,20
40 + 60 = ? 	
80,100,40,90,100  
60 - 20 = ?
20,60,40,30,40
60 + 20 = ? 	
80,30,40,70,80   
40 - 20 = ?
30,10,40,20,20
30 + 70 = ? 	
100,60,40,30,100 
100 - 70 = ?
70,30,90,50,30
7 x __ = 7
8,1,2,7,1 	
1 x __ = 6
8,6,2,3,6 
__ x 1 = 8
8,5,2,7,8 	
__ x 6 = 12
8,6,2,7,2 
9 x __ = 9
1,6,2,7,1 	
3 x __ = 18
5,6,2,7,6 
__ x 2 = 4
1,6,2,7,2 	
__ x 6 = 24
5,6,2,4,4 
3 x __ = 6
8,0,2,3,2 	
1 x __ = 7
9,6,3,7,7 
7 x 1 =	?
2,5,3,7,7	
1 x 6 =	?
6,5,3,7,6
8 x 1 =	?
8,5,3,7,8	
2 x 6 =	?
10,12,8,11,12
9 x 1 =	?
8,5,9,7,9 	
3 x 6 =	?
12,9,3,18,18
2 x 2 =	?
4,5,3,0,4	
4 x 6 =	?
22,10,20,2,24
0 x 10 = ?
10,6,1,0,0 
4 x 4 = ?
16,4,0,8,16 	
1 + [  ] = 18
17,16,12,19,17 
7 + [  ] = 18
18,16,11,17,11
13 + [  ] = 18
3,5,2,7,5 
9 + [  ] = 18
9,6,1,3,9 
18 + [  ] = 19
8,1,2,7,1 
11 + [  ] = 14
1,3,2,7,3 
12 + [  ] = 18
9,6,2,1,6 
9 + [  ] = 17
0,6,8,10,8 
4 + [  ] = 18
12,6,14,13,14 
8 + [  ] = 15
8,6,2,7,7 
#