40
60 + 10 = ?  
70,60,40,50,70	   
60 - 40 = ?
20,60,40,50,20
20 + 60 = ? 	
70,60,80,50,80   
60 - 10 = ?
70,60,40,50,50
30 + 50 = ? 	
80,60,40,50,80  
70 - 40 = ? 
70,60,30,50,30
20 + 40 = ? 	
30,60,40,50,60   
90 - 20 = ?
70,60,40,10,70
20 + 80 = ? 	
90,100,40,50,100   
70 - 20 = ? 
70,60,50,20,50
1 x __ = 3	
3,1,2,7,3 
5 x __ = 0
8,1,0,7,0 
2 x __ = 6
8,3,2,7,3 	
6 x __ = 0
8,1,0,7,0 
__ x 3 = 9
3,1,2,7,3 	
__ x 3 = 0
8,1,2,0,0 
4 x __ = 12
8,1,2,3,3 	
__ x 4 = 8
5,1,2,7,2 
5 x __ = 15
6,3,2,7,3 	
__ x 5 = 10
9,1,3,2,2 
1 x 7 = ?
5,1,2,7,7 
4 x 2 = ? 
8,1,2,9,8 	
2 x 7 = ?
10,14,2,7,14 
5 x 2 = ?
5,10,2,7,10 	
3 x 7 = ?
28,21,22,27,21 
6 x 2 = ?
18,12,22,17,12 	
1 x 8 = ?
8,5,2,9,8 
7 x 2 = ? 
18,11,12,14,14 	
2 x 8 = ?
18,11,16,10,16 
8 x 2 = ? 
14,16,12,10,16 
9 + [  ] = 14
5,1,2,7,5 
3 + [  ] = 18
18,15,12,17,15 
8 + [  ] = 16
8,1,3,7,8
7 + [  ] = 14
9,1,10,7,7 
6 + [  ] = 19
10,13,12,8,13 
18 + [  ] = 19
5,1,2,6,1 
17 + [  ] = 19
6,1,2,5,2 
10 + [  ] = 19
9,1,2,0,9 
[  ] + 3  = 19
18,11,12,16,16 
2 + [  ] = 19
18,11,17,15,17 
#