40
50 + 10 = ? 	
70,60,40,50,60  
70 - 10 = ?
70,60,40,50,60
30 + 20 = ? 	
70,60,40,50,50  
80 - 50 = ?
30,60,40,50,30
20 + 10 = ? 	 
70,60,30,50,30
100 - 60 = ?
70,60,40,50,40
90 + 0 = ?	
90,60,40,50,90   
90 - 10 = ?
70,60,80,50,80
40 + 30 = ? 	
70,60,40,50,70   
80 - 10 = ?
70,60,40,50,70
__ x 3 = 18
6,1,2,7,6 	
__ x 6 = 0
8,0,2,7,0 
7 x __ = 21
8,3,2,7,3 	
__ x 7 =  0
8,1,2,0,0 
8 x __ = 24
8,3,2,7,3 	
__ x 8 = 0
8,1,2,7,0 
__ x 3 = 27
8,9,2,7,9 	
__ x 9 = 0
8,0,2,7,0
10 x __ = 30
8,1,3,7,3 	
__ x 10 = 0
8,1,2,0,0 
1 x 9 = ?
8,9,2,7,9 
1 x 3 = ?
3,1,2,7,3 	
0 x 1 = ?
8,1,2,0,0 
2 x 3 = ?
8,1,6,7,6 	
0 x 2 = ?
8,0,2,7,0 
3 x 3 = ? 
8,1,9,7,9 	
0 x 3 = ?
0,1,2,7,0 
4 x 3 = ?
10,11,12,7,12	
0 x 4 = ?
4,0,2,7,0 
5 x 3 = ?
8,15,2,10,15 
5 + [  ] = 18
18,13,12,17,13 
3 + [  ] = 15
18,11,12,17,12
4 + [  ] = 12
8,4,5,6,8
9 + [  ] = 17
8,1,2,7,8 
10 + [  ] = 18
8,1,3,7,8 
13 + [  ] = 17
4,1,2,7,4 
12 + [  ] = 15
8,1,2,3,3 
11 + [  ] = 17
8,1,6,7,6 
8 + [  ] = 20
18,11,12,17,12 
8 + [  ] = 13
9,1,5,7,5 
#