40
20 + 70 = ? 
70,90,40,50,90	  
80 - 50 = ?
30,60,40,50,30
30 + 40 = ? 	
70,60,10,50,70   
90 - 60 = ?
70,60,30,50,30
100 + 0 = ? 	
100,60,40,0,100 
100 - 50 = ?
70,30,40,50,50
20 + 30 = ? 	
20,60,40,50,50 
80 - 70 = ?
70,60,20,10,10
40 + 10 = ? 	
60,50,40,10,50 
100 - 90 = ?
20,40,10,30,10
4 x __ = 16	
8,1,4,7,4 
1 x __ = 0
0,1,2,7,0 
5 x __ = 20
1,2,4,0,4 	
9 x __ = 0
9,0,2,7,0 
__ x 4 = 24
6,1,2,3,6 	
4 x __= 20
5,1,2,3,5 
__ x 4 = 28
9,1,2,7,7 	
__ x 7 = 28
6,1,4,7,4 
__ x 4 = 0	
9,0,2,1,0 
4 x __ = 24
6,3,2,5,6 
0 x 5 = ?
8,1,2,0,0 
6 x 3 = ?
12,18,9,14,18 	
0 x 6 = ?
5,1,0,7,0 
7 x 3 = ?
18,10,21,4,21 	
0 x 7 = ? 
7,0,2,3,0 
8 x 3 = ?
20,5,24,11,24 	
0 x 8 = ?
8,1,2,0,0 
9 x 3 = ?
30,6,12,27,27 	
0 x 9 = ?
1,0,2,9,0 
10 x 3 = ?
13,1,30,7,30 
10 + [  ] = 20
8,10,2,7,10 
15 + [  ] = 20
5,1,2,7,5
1 + [  ] = 19
18,11,12,17,18 
7 + [  ] = 19
18,11,12,17,12 
13 + [  ] = 18
2,10,5,3,5 
9 + [  ] = 18
9,1,2,10,9 
18 + [  ] = 19
8,1,2,7,1 
11 + [  ] = 14
3,1,2,7,3 
12 + [  ] = 18
3,1,2,6,6 
10 + [  ] = 17
5,1,2,7,7 
#