30
36 : [ ] = 6
3,1,6,7,6	
63 : [ ] = 7
9,1,2,7,9
30 : [ ] = 10
3,10,2,7,3
20 : [ ] = 4
3,1,5,7,5
24 : [ ] = 8
4,1,2,3,3
35 : [ ] = 7
3,5,2,6,5
12 : [ ] = 2
6,1,3,7,6 
8 : [ ] = 1
3,8,1,7,8
6 : [ ] = 3
3,1,2,7,2
10 : [ ] = 2
2,1,8,7,5
13 + (21 - 1) = ?
33,12,25,70,33
1 + 1 + 5 * 2 = ?
30,20,12,10,12	
6 : 3 + 4 = ?
3,6,2,7,6
2 + 4 * 3 = ?
3,14,12,17,14	
1 * 2 + 5 = ?
13,11,2,7,7
3 * 1 + 4 * 2 = ?
3,11,21,17,11 	
2 : 2 + 5 = ?
13,6,12,7,6
5 - 1 * 2 = ?
3,10,2,11,3 	
4 * 3 + 5 = ?
32,11,22,17,17
6 + 1 - 1 = ?
4,1,6,7,6 	
40 - 60 = ?
-30,20,-20,10,-20
2 - 8 = ? 
-6,1,-2,7,-6      
(-40) + (-60) = ?
30,-100,20,-70,-100
2 + (-8) = ?
3,-6,2,-7,-6     
(-100) + (-200) = ?
-300,100,300,0,-300
(-6) + 10 = ?
3,4,2,7,4
(-3) + 5 = ?
3,1,2,7,2                                                       
-5 + 8 = ?
3,1,2,7,3
(-3) + -5 = ?
3,1,2,-8,-8             
(-5) + (-8) = ?
-13,1,-12,7,-13 
#