30
64 : [ ] = 8
3,8,2,7,8
35 : [ ] = 5
3,1,5,7,7
12 : [ ] = 4
3,1,4,7,3
100 : [ ] = 10
30,10,20,7,10
8 : [ ] = 2
3,1,2,4,4
40 : [ ] = 8
5,1,2,7,5
24 : [ ] = 6
3,4,2,7,4
40 : [ ] = 5
8,1,2,7,8
20 : [ ] = 5
3,4,2,7,4
14 : [ ] = 7
3,1,2,7,2
8 - 9 = ?
3,-1,-2,7,-1
(-2) + (-2) = ?
3,-4,2,-7,-4        
8 + (-9) = ?
-3,-1,2,7,-1 
(-2) + 2 = ?
3,0,-2,-7,0   
10 - 15 = ?
-3,1,-5,7,-5
10 - 20 = ?
3,-10,10,7,-10
(-5) + (-6) = ?
3,-13,-11,7,-11        
5 - 10 = ?
3,-1,2,-5,-5
(-5) + 6 = ?
7,1,2,5,1    
7 + (-7) = ?
3,1,0,7,0   
34 + (20 - 5) = ?
3,11,49,50,49 
12 + (6 - 1) = ?
3,17,2,25,17 
12 - 5 + 5 = ?
3,12,22,7,12 
25 - (15 + 3) = ?
3,1,2,7,7 
46 - (18 - 10) = ?
38,1,25,7,38 
55 + 2 x 2 = ?
40,1,59,20,59
8 - 4 + 4 x 4 = ?
30,1,20,7,20 
(11 - 5) x 6 = ?
36,1,25,0,36 
32 - 4 + 5 = ?
10,33,2,7,33
44 + 10 x 2 = ? 
30,1,64,0,64
#