30
32 : [ ] = 8	
3,1,4,7,4
28 : [ ] = 4
3,1,2,7,7
36 : [ ] = 4
9,1,2,7,9	
45 : [ ] = 5
3,9,2,7,9
36 : [ ] = 9
3,1,4,7,4	
45 : [ ] = 9
3,1,2,5,5
10 : [ ] = 5
3,1,2,7,2	
10 : [ ] = 1
4,10,2,7,10
36 : [ ] = 6
5,1,6,7,6	
63 : [ ] = 7
0,1,2,9,9
29 + (40 - 20) = ?
49,10,20,75,49 
45 - (65 - 30) = ?
3,10,2,37,10
34 + 3 x 9 = ?
30,61,20,7,61 
(72 - 20) + 4 x 3 = ?
35,1,64,0,64
(3 + 4) x 6 = ?
3,10,42,7,42
70 - (22 - 6) = ?
54,1,20,5,54
3 x 8 - 2 x 4 = ?
20,16,2,7,16 
1 + 3 x 9 = ?
30,1,28,0,28 
4 x (3 + 4) = ?
28,1,20,6,28 
5 x (5 + 5) = ?
3,50,2,45,50 
(-20) + (-30) = ?
3,-10,2,-50,-50      
(-20) - 50 = ?
0,10,30,-70,-70
(-3) + (-4) = ?
3,-1,2,-7,-7    
50 - 100 = ?
100,10,-50,50,-50 
(-3) - 4 = ?
-7,1,2,7,-7       
40 - 60 = ?
20,1,-20,100,-20 
2 - 8 = ?  
-6,1,-5,7,-6      
(-40) + (-60) = ?
-100,100,20,0,-100 
2 + (-8) = ?
-5,1,-6,10,-6    
(-100) + (- 200) = ?
-100,-300,100,0,-300
#