30
32 : [ ] = 4
3,1,8,7,8
18 : [ ] = 2
3,9,2,7,9
40 : [ ] = 8
5,1,2,7,5
72 : [ ] = 9
3,1,8,7,8
12 : [ ] = 3
3,4,2,7,4
48 : [ ] = 6
3,1,2,8,8
28 : [ ] = 7
3,1,2,4,4
54 : [ ] = 9
3,1,6,7,6
64 : [ ] = 8
8,5,2,7,8	
56 : [ ] = 7
3,1,8,7,8
12 - 14 = ?
3,-1,-2,7,-2 
3 - 6 = ?
-3,1,-2,7,-3                 
15 - 20 = ?
3,-1,2,-5,-5 
0 - 4 = ?
3,-4,2,0,-4     
0 - 10 = ?
-3,-10,2,-7,-10     
5 + (-3) = ? 
-4,1,2,-7,2      
6 + (-8) = ?
0,1,2,-2,-2 
5 - 10 = ?
-5,1,2,-7,-5    
8 + (-15) = ?
3,1,-6,-7,-7    
6 - 12 = ?
-4,-6,2,7,-6     
(12 - 5) x 4 = ?
0,10,28,7,28
2 x 5 - 2 = ?
3,8,2,7,8
40 - (28 + 5) = ?
3,1,5,7,7 
17 - (47 - 40) = ?
0,10,2,7,10 
62 + 10 x 3 = ?
92,100,0,7,92 
6 x 4 - 2 x 8 = ?
3,1,8,5,8 
4 - 2 + 3 x 5 = ?
1,17,32,27,17
40 - 2 x 8 = ?
3,10,24,35,24
(8 - 4) x 5 = ?
3,1,20,7,20 
36 - 2 x 8 = ?
20,10,2,-7,20
#